# Created by Octave 3.2.4, Wed Nov 13 13:47:04 2013 CST <menie@ubuntu>
# name: ans
# type: matrix
# rows: 150
# columns: 1
 -992.8
 -986.8
 -989.8
 -993.4
 -987
 -986.6
 -991.4
 -994.4
 -994
 -983.2
 -988.2
 -993.4
 -994
 -991.8
 -985.6
 -993.2
 -990.8
 -991.2
 -992.6
 -990.4
 -991.2
 -995.2
 -989.6
 -995.8
 -994.6
 -993.4
 -996.2
 -993.8
 -994.6
 -991.6
 -991.8
 -967.8
 -981
 -963.8
 -969.2
 -989.6
 -988.2
 -993.4
 -977.4
 -991.2
 -988.8
 -987.6
 -984.6
 -992.8
 -986
 -982.2
 -979.2
 -993.2
 -992.6
 -994.8
 -982.8
 -986.6
 -984.8
 -973.6
 -982.2
 -973.4
 -977.2
 -949.2
 -971.6
 -733.8
 -949
 -973.8
 -970.4
 -974.8
 -951.6
 -987.4
 -966
 -983.4
 -982.2
 -965.2
 -962.4
 -977.4
 -968.8
 -979.2
 -977.8
 -733.2
 -969.4
 -746.4
 -734.2
 -970.2
 -736.2
 -979
 -750.6
 -982.2
 -750.2
 -984.6
 -957.2
 -751.8
 -746.4
 -753
 -737.8
 -970.8
 -751
 -976.2
 -738.8
 -937.8
 -747.8
 -984.6
 -952.4
 -727
 -962.6
 -974.2
 -984.4
 -989.8
 -984.6
 -987
 -986.6
 -982
 -953
 -959.2
 -973.8
 -976.6
 -975
 -977.2
 -949
 -972
 -717.6
 -725.4
 -723.4
 -751
 -975
 -741.2
 -959.8
 -961
 -946.8
 -713
 -745.6
 -516.2
 -961.6
 -936
 -931.8
 -964.6
 -516.8
 -708.2
 -911.8
 -965.4
 -515.6
 -972.2
 -516.6
 -503.6
 -755.4
 -755.4
 -755.4
 -753
 -755.4
 -755.4
 -985
 -988.4
 -981.8
 -964.2
# name: r
# type: matrix
# rows: 150
# columns: 1
 -994
 -995
 -994
 -994
 -994
 -997
 -990
 -996
 -995
 -995
 -996
 -991
 -994
 -990
 -993
 -996
 -992
 -995
 -994
 -994
 -995
 -995
 -995
 -997
 -980
 -977
 -994
 -992
 -994
 -995
 -994
 -992
 -993
 -994
 -995
 -993
 -995
 -994
 -979
 -981
 -995
 -994
 -994
 -982
 -980
 -994
 -993
 -993
 -990
 -994
 -992
 -981
 -989
 -991
 -991
 -996
 -997
 -995
 -994
 -992
 -994
 -994
 -994
 -996
 -994
 -995
 -992
 -994
 -995
 -994
 -995
 -996
 -991
 -992
 -995
 -997
 -991
 -994
 -994
 -992
 -989
 -994
 -980
 -994
 -990
 -994
 -983
 -995
 -994
 -997
 -996
 -977
 -990
 -982
 -989
 -995
 -994
 -995
 -961
 -959
 -995
 -991
 -994
 -981
 -995
 -991
 -994
 -995
 -994
 -996
 -990
 -982
 -975
 -994
 -995
 -964
 -994
 -996
 -996
 -976
 -994
 -995
 -994
 -992
 -991
 -982
 -994
 -981
 -967
 -990
 -963
 -983
 -994
 -994
 -990
 -990
 -995
 -983
 -980
 -992
 -991
 -994
 -995
 -980
 -978
 -994
 -977
 -995
 -983
 -966
# name: t
# type: matrix
# rows: 150
# columns: 5
 -996 -983 -994 -995 -996
 -995 -963 -993 -994 -989
 -994 -982 -994 -987 -992
 -990 -994 -997 -992 -994
 -981 -995 -992 -973 -994
 -996 -994 -976 -973 -994
 -993 -994 -982 -994 -994
 -995 -995 -994 -994 -994
 -994 -992 -994 -994 -996
 -995 -972 -995 -995 -959
 -997 -997 -966 -994 -987
 -996 -992 -990 -994 -995
 -997 -992 -991 -995 -995
 -995 -976 -996 -997 -995
 -988 -957 -994 -994 -995
 -988 -994 -995 -994 -995
 -988 -986 -992 -993 -995
 -988 -981 -995 -997 -995
 -987 -993 -992 -996 -995
 -987 -986 -994 -997 -988
 -996 -997 -994 -995 -974
 -996 -997 -996 -997 -990
 -996 -997 -986 -996 -973
 -996 -997 -995 -997 -994
 -996 -997 -995 -996 -989
 -996 -997 -981 -997 -996
 -996 -997 -995 -997 -996
 -995 -997 -994 -993 -990
 -996 -997 -995 -994 -991
 -996 -997 -994 -981 -990
 -995 -997 -996 -996 -975
 -996 -902 -971 -995 -975
 -987 -958 -990 -995 -975
 -992 -905 -994 -951 -977
 -992 -918 -994 -965 -977
 -987 -994 -975 -996 -996
 -997 -995 -994 -996 -959
 -990 -995 -994 -996 -992
 -987 -995 -994 -993 -918
 -987 -995 -994 -996 -984
 -975 -995 -995 -996 -983
 -973 -995 -994 -995 -981
 -960 -995 -994 -993 -981
 -989 -995 -989 -996 -995
 -995 -995 -974 -993 -973
 -973 -995 -974 -996 -973
 -995 -995 -995 -995 -916
 -995 -995 -995 -996 -985
 -995 -995 -995 -992 -986
 -995 -996 -995 -993 -995
 -995 -973 -995 -979 -972
 -995 -975 -995 -996 -972
 -994 -959 -995 -987 -989
 -993 -959 -995 -996 -925
 -993 -973 -995 -994 -956
 -993 -973 -995 -995 -911
 -931 -973 -995 -996 -991
 -985 -903 -995 -974 -889
 -932 -944 -995 -994 -993
 -902 -986 -995 -987 201
 -918 -972 -995 -995 -865
 -976 -958 -995 -995 -945
 -974 -917 -995 -994 -972
 -929 -986 -995 -980 -984
 -818 -972 -995 -988 -985
 -995 -986 -973 -994 -989
 -877 -986 -987 -994 -986
 -973 -986 -973 -995 -990
 -972 -972 -987 -994 -986
 -987 -987 -889 -989 -974
 -987 -987 -959 -989 -890
 -994 -987 -987 -988 -931
 -973 -987 -987 -995 -902
 -987 -987 -947 -988 -987
 -994 -987 -995 -995 -918
 -897 -987 -996 -987 201
 -981 -984 -997 -994 -891
 -994 -984 -960 -995 201
 -939 -953 -985 -995 201
 -931 -980 -996 -995 -949
 -913 -987 -987 -995 201
 -993 -973 -996 -988 -945
 -995 -981 -983 -995 201
 -993 -981 -983 -980 -974
 -994 -967 -996 -995 201
 -994 -987 -972 -987 -983
 -974 -988 -903 -973 -948
 -993 -985 -986 -996 201
 -995 -985 -959 -994 201
 -993 -994 -984 -995 201
 -993 -985 -917 -995 201
 -993 -989 -987 -995 -890
 -993 -985 -983 -995 201
 -993 -989 -987 -995 -917
 -993 -948 -959 -995 201
 -993 -985 -800 -994 -917
 -993 -985 -968 -994 201
 -993 -974 -982 -995 -979
 -993 -987 -968 -995 -819
 -993 -931 -917 -995 201
 -959 -974 -901 -995 -984
 -959 -959 -985 -995 -973
 -987 -982 -985 -995 -973
 -988 -987 -985 -995 -994
 -988 -982 -985 -995 -973
 -994 -988 -985 -995 -973
 -994 -987 -985 -994 -973
 -994 -988 -960 -994 -974
 -996 -988 -980 -994 -807
 -996 -948 -988 -980 -884
 -994 -982 -931 -994 -968
 -988 -994 -987 -974 -940
 -987 -994 -987 -994 -913
 -955 -994 -995 -973 -969
 -930 -948 -987 -967 -913
 -958 -980 -987 -988 -947
 -930 -983 -987 -889 201
 -870 -983 -987 -988 201
 -917 -983 -987 -931 201
 -986 -983 -995 -992 201
 -994 -988 -988 -968 -937
 -995 -966 201 -973 -973
 -995 -953 -932 -974 -945
 -995 -974 -945 -946 -945
 -995 -986 -809 -989 -955
 -995 -981 -864 -926 201
 -995 -994 -994 -946 201
 -995 -994 201 -994 201
 -995 -974 -919 -994 -926
 -995 -919 -909 -987 -870
 -995 -903 -952 -996 -813
 -995 -942 -896 -995 -995
 -995 201 201 -996 -995
 -995 201 -826 -968 -953
 -889 -903 -814 -960 -993
 -996 -987 -857 -994 -993
 201 201 -993 -994 -993
 -996 -959 -931 -982 -993
 -996 201 201 -996 -993
 201 -931 201 -996 -993
 -994 -995 201 -996 -993
 -994 -995 201 -996 -993
 -994 -995 201 -996 -993
 -994 -995 201 -996 -981
 -994 -995 201 -996 -993
 -994 -995 201 -996 -993
 -994 -995 -945 -996 -995
 -994 -965 -994 -996 -993
 -994 -981 -945 -996 -993
 -994 -995 -843 -996 -993
# name: t1
# type: matrix
# rows: 150
# columns: 1
 -996
 -995
 -994
 -990
 -981
 -996
 -993
 -995
 -994
 -995
 -997
 -996
 -997
 -995
 -988
 -988
 -988
 -988
 -987
 -987
 -996
 -996
 -996
 -996
 -996
 -996
 -996
 -995
 -996
 -996
 -995
 -996
 -987
 -992
 -992
 -987
 -997
 -990
 -987
 -987
 -975
 -973
 -960
 -989
 -995
 -973
 -995
 -995
 -995
 -995
 -995
 -995
 -994
 -993
 -993
 -993
 -931
 -985
 -932
 -902
 -918
 -976
 -974
 -929
 -818
 -995
 -877
 -973
 -972
 -987
 -987
 -994
 -973
 -987
 -994
 -897
 -981
 -994
 -939
 -931
 -913
 -993
 -995
 -993
 -994
 -994
 -974
 -993
 -995
 -993
 -993
 -993
 -993
 -993
 -993
 -993
 -993
 -993
 -993
 -993
 -959
 -959
 -987
 -988
 -988
 -994
 -994
 -994
 -996
 -996
 -994
 -988
 -987
 -955
 -930
 -958
 -930
 -870
 -917
 -986
 -994
 -995
 -995
 -995
 -995
 -995
 -995
 -995
 -995
 -995
 -995
 -995
 -995
 -995
 -889
 -996
 201
 -996
 -996
 201
 -994
 -994
 -994
 -994
 -994
 -994
 -994
 -994
 -994
 -994
